[1,["c71Zn78aZBbpJL/HYW1TTr","aet6ihSJZHK7SrhzKIiJpz@f9941","f6SJZOjTJB/JrJeh5xTdF7","20B+043CNHFog39aR9bkZZ@ffea3","9f40zQ0zxPbpBjF1e5+cRN","0bCkdxgatBLr/S+Xr61Rj4@f9941","4bYv6mRupOR5OKM6c48WP1","1brw/JvvpFnIvdrxpFCgMZ","73sDCUeNBNKovj2sDDu+tu@f9941","08sX+6ebNJOK4Rhf0wns58@98739","6fSYB/yIxA8rBd51BRt1Zd@6c48a","20B+043CNHFog39aR9bkZZ@bcb7d","28pTbh4pFEE5543S0n5O0N@e7740","80VBVqsKRGp7d4dZgLrPcb@98739","2bnEFslaNNCZDkOTDpVk9S@98739","acDvIG2D1A4qbjdkv6h7H+@98739","03E/diQb9JNovokTsSzy0a@6c48a","08sX+6ebNJOK4Rhf0wns58@935df","08sX+6ebNJOK4Rhf0wns58@8f8aa","08sX+6ebNJOK4Rhf0wns58@70e06","08sX+6ebNJOK4Rhf0wns58@438fe","08sX+6ebNJOK4Rhf0wns58@c45fa","08sX+6ebNJOK4Rhf0wns58@bef90","08sX+6ebNJOK4Rhf0wns58@eecaf","08sX+6ebNJOK4Rhf0wns58@b663a","08sX+6ebNJOK4Rhf0wns58@d405f","0bCkdxgatBLr/S+Xr61Rj4@6c48a","20B+043CNHFog39aR9bkZZ@41ac8","24pwTaKGdEbY0aXpIMdeCd@6c48a","28pTbh4pFEE5543S0n5O0N@87811","28pTbh4pFEE5543S0n5O0N@01b19","28pTbh4pFEE5543S0n5O0N@4f17a","12hc0+kFBO+roAe5+R69A6@e7740","12hc0+kFBO+roAe5+R69A6@eb219","30fBCdpKpA+opExpfv1f0z@6c48a","b2AKk5hi9MD7PBkvVWHjb8","87w3AZ7aVCypwnooMTZLlq","bcDAvFuIVJPZn96b9iqDc9","e7uZSgqypAxa+v7bPep4RT","cdGKAnCZJBk6HDIA3C88/y","295Ru5h1dKR7oRLmRHFl+O","28pTbh4pFEE5543S0n5O0N@bcc24","acDvIG2D1A4qbjdkv6h7H+@88459","03IdOL+bBHG5ThN8/0BwQe","6bvpRG2jVJXo7DLlPyDC2m","75jDCD9C9DWrnSWhR1Ypvw","ccH2fqfStBaolIws/fblYv@b95d3","d0MqyYBeFAkIi762QNy1/B@b47c0","6fAc9/gb9Kfr1dCvwZaWSA@b47c0","12Y9dMgWdJKJGmTiZyQR9H@2e76e","4ejS+qLjJNQZSJPOgjff4k@6c48a","80VBVqsKRGp7d4dZgLrPcb@a9549","80VBVqsKRGp7d4dZgLrPcb@b4e6b","80VBVqsKRGp7d4dZgLrPcb@9ed87","80VBVqsKRGp7d4dZgLrPcb@438fe","80VBVqsKRGp7d4dZgLrPcb@bef90","73sDCUeNBNKovj2sDDu+tu@6c48a","2bnEFslaNNCZDkOTDpVk9S@935df","2bnEFslaNNCZDkOTDpVk9S@8f8aa","2bnEFslaNNCZDkOTDpVk9S@76e66","2bnEFslaNNCZDkOTDpVk9S@438fe","2bnEFslaNNCZDkOTDpVk9S@bef90","6acQ7NLaBBmr/CP28xC4ZS@287a1","33o0gGO9pPC7ffRbPtw6nY@a05ff","0fPovwCnVI0JEV2zbVIrfK","80g4hRr8dI/ZlgnLjiuomw","acDvIG2D1A4qbjdkv6h7H+@a9549","acDvIG2D1A4qbjdkv6h7H+@5c108","acDvIG2D1A4qbjdkv6h7H+@fd394","acDvIG2D1A4qbjdkv6h7H+@438fe","acDvIG2D1A4qbjdkv6h7H+@c45fa","acDvIG2D1A4qbjdkv6h7H+@bef90","acDvIG2D1A4qbjdkv6h7H+@eecaf","acDvIG2D1A4qbjdkv6h7H+@b663a","acDvIG2D1A4qbjdkv6h7H+@d405f","aet6ihSJZHK7SrhzKIiJpz@6c48a","035FUgKCRChrfKVN0WFNTF@84d36","aek5KiduNEKowQNd/q7GKg@2228c","ccH2fqfStBaolIws/fblYv@9d093","ccH2fqfStBaolIws/fblYv@5f1bd","ebDrlyLcRBbpBl1QOxos+R@99cfd","4ejS+qLjJNQZSJPOgjff4k@f9941","30fBCdpKpA+opExpfv1f0z@f9941","03E/diQb9JNovokTsSzy0a@f9941","24pwTaKGdEbY0aXpIMdeCd@f9941"],["node","_parent","root","asset","_spriteFrame","data","_mesh","value","_effectAsset","targetInfo","_textureSource","_skeleton","_defaultClip","_normalSprite","mainTexture","_cameraComponent","camera","scene","plantPrefab","_envmapHDR","_envmapLDR","_barSprite"],[["cc.Node",["_name","_layer","_id","_active","_objFlags","__editorExtras__","_prefab","_parent","_children","_components","_lpos","_lrot","_euler","_lscale"],-3,4,1,2,9,5,5,5,5],"cc.ImageAsset","cc.SpriteFrame",["cc.UITransform",["node","_contentSize","__prefab","_anchorPoint"],3,1,5,4,5],["cc.Node",["_name","_id","_parent","_lpos","_lrot","_euler","_components","_children","_prefab"],1,1,5,5,5,2,9,4],["cc.PrefabInfo",["fileId","root","asset","nestedPrefabInstanceRoots"],2,1,1,2],["cc.Widget",["_alignFlags","_left","_right","_bottom","node"],-1,1],["cc.Sprite",["_type","_sizeMode","_useGrayscale","node","_spriteFrame","__prefab"],0,1,6,4],"cc.TextureCube",["cc.Prefab",["_name"],2],["cc.Material",["_states","_defines","_name","_props"],0,12],["cc.MeshRenderer",["_name","node","__prefab","_materials","lightmapSettings","_mesh"],2,1,4,3,4,6],["cc.Button",["_transition","_zoomScale","node","clickEvents","_normalSprite"],1,1,9,6],["cc.ClickEvent",["_componentId","handler","customEventData","target"],0,1],["cc.PrefabInstance",["fileId","prefabRootNode","propertyOverrides"],1,9],["cc.Label",["_string","_actualFontSize","_fontSize","node","__prefab"],0,1,4],["cc.Camera",["_projection","_orthoHeight","_far","_visibility","_near","_priority","_clearFlags","node","_color"],-4,1,5],["cc.Node",["_name","_children","_components","_prefab"],2,12,9,4],["cc.Node",["_name","_layer","_parent","_components","_prefab","_lpos"],1,1,12,4,5],["cc.SkeletalAnimation",["node","__prefab","_clips","_defaultClip"],3,1,4,3,6],["cc.CompPrefabInfo",["fileId"],2],["cc.PrefabInfo",["fileId","root","instance","asset"],2,1,4,6],["cc.SkinnedMeshRenderer",["node","__prefab","_materials","lightmapSettings","_skinningRoot","_mesh","_skeleton"],3,1,4,3,4,1,6,6],["cc.ModelLightmapSettings",[],3],["cc.Mesh",["_native","_hash","_struct"],1,11],["cc.Skeleton",["_name","_hash","_joints","_bindposes"],0,12],["cc.SceneAsset",["_name"],2],["88b43Dzh+dBnLrzmp5945Wu",["node"],3,1],["9ddefGqg0dAVpQkQmCMz4vd",["node"],3,1],["cc.Canvas",["node","_cameraComponent"],3,1,1],["f1b36959pFKfZ6QG9FL2X6r",["node","camera"],3,1,1],["cc.Scene",["_name","_children","_prefab","_globals"],2,12,4,4],["cc.SceneGlobals",["ambient","shadows","_skybox","fog","octree"],3,4,4,4,4,4],["cc.AmbientInfo",["_skyIllumLDR","_skyColorHDR","_groundAlbedoHDR","_skyColorLDR","_groundAlbedoLDR"],2,5,5,5,5],["cc.ShadowsInfo",["_type","_distance","_shadowColor"],1,5],["cc.SkyboxInfo",["_rotationAngle","_envmapHDR","_envmapLDR"],2,6,6],["cc.FogInfo",["_enabled","_fogStart","_fogEnd","_fogColor"],0,5],["cc.OctreeInfo",["_enabled"],2],["b9c5214VhNJQ5Ow6JKl8ENE",["node"],3,1],["cc.TargetInfo",["localID"],2],["cc.PrefabInstance",["fileId","prefabRootNode","propertyOverrides"],2,1,9],["CCPropertyOverrideInfo",["value","propertyPath","targetInfo"],1,1],["CCPropertyOverrideInfo",["propertyPath","targetInfo","value"],2,1,8],["CCPropertyOverrideInfo",["value","propertyPath","targetInfo"],1,4],["CCPropertyOverrideInfo",["propertyPath","targetInfo","value"],2,4,6],["CCPropertyOverrideInfo",["propertyPath","targetInfo","value"],2,4,8],["CCPropertyOverrideInfo",["propertyPath","targetInfo","value"],2,1,6],["cc.DirectionalLight",["_useColorTemperature","_colorTemperature","_illuminanceHDR","node","_color","_staticSettings"],0,1,5,4],["cc.StaticLightSettings",["_castShadow"],2],["734feVQSzdG76tFES30ltsr",["node","renderPlantPrefabs","plantPrefab"],3,1,3,6],["7844eqBZCNIzIv1ZtYRaDYe",["animalPrefab","node","__prefab"],2,1,4],["b9fabrseGpEIa1XQdW+4wLU",["node","__prefab"],3,1,4],["cc.RenderRoot2D",["node","__prefab"],3,1,4],["7865329OKBPiq+nR+pIYnyH",["node","__prefab","statusSpriteFrames"],3,1,4,3],["cc.ProgressBar",["_totalLength","_progress","node","__prefab","_barSprite"],1,1,4,1],["cc.EffectAsset",["_name","shaders","techniques"],0]],[[5,0,1,2,2],[39,0,2],[45,0,1,2,2],[0,0,7,8,6,10,11,12,2],[0,0,7,6,10,2],[4,0,2,7,8,3,4,5,2],[43,0,1,2,3],[42,0,1,2,2],[20,0,2],[3,0,1,1],[0,4,5,7,6,3],[21,0,1,2,3,2],[7,0,1,3,4,3],[0,0,1,7,9,3],[23,1],[24,0,1,2,3],[44,0,1,2,2],[9,0,2],[15,0,1,2,3,4],[12,0,1,2,3,3],[40,0,1,2,2],[11,1,2,3,4,5,1],[13,0,1,3,3],[0,0,1,7,8,9,10,3],[10,2,0,1,3,4],[14,0,2,2],[41,0,1,2,3],[10,0,1,3,3],[14,0,1,2,3],[0,0,8,9,6,2],[0,0,7,9,6,2],[13,0,1,2,3,4],[9,1],[0,0,8,6,10,2],[0,0,8,6,11,12,2],[0,0,7,8,6,11,13,12,2],[0,0,7,9,6,11,13,12,2],[0,0,8,6,2],[0,0,7,9,6,10,11,13,12,2],[0,0,1,7,8,9,3],[19,0,1,2,3,1],[22,0,1,2,3,4,5,6,1],[25,0,1,2,3,4],[3,0,2,1],[12,0,1,2,3,4,3],[0,0,2,7,8,3],[0,0,1,7,9,10,3],[0,0,1,7,9,6,3],[3,0,2,1,1],[6,0,4,2],[0,0,7,8,6,10,11,13,12,2],[0,0,3,1,8,9,10,4],[0,0,3,1,7,8,9,10,4],[0,0,8,6,13,2],[28,0,1],[15,0,1,2,3,4,4],[52,0,1,1],[0,0,7,9,6,10,13,2],[0,0,8,6,10,11,12,2],[0,0,1,2,8,9,10,4],[0,0,2,7,3],[0,0,2,7,9,10,11,12,3],[0,0,2,7,9,3],[0,0,7,6,2],[0,0,7,9,6,10,2],[0,0,8,9,6,13,2],[0,0,8,6,10,11,13,12,2],[0,0,7,8,6,10,2],[0,0,3,7,8,9,6,3],[0,0,8,6,10,13,2],[0,0,7,8,9,6,2],[0,0,7,8,9,6,10,2],[4,0,1,2,6,3,4,5,3],[4,0,2,6,3,2],[17,0,1,2,3,2],[18,0,1,2,3,4,5,3],[5,0,3,2],[5,0,1,2,3,2],[11,0,1,2,3,4,5,2],[26,0,2],[3,0,1],[3,0,2,1,3,1],[27,0,1],[6,0,1,2,4,4],[6,0,3,4,3],[29,0,1,1],[30,0,1,1],[31,0,1,2,3,2],[32,0,1,2,3,4,1],[33,0,1,2,3,4,2],[34,0,1,2,3],[35,0,1,2,2],[36,0,1,2,3,4],[37,0,2],[38,0,1],[7,0,1,2,3,5,4,4],[7,0,1,3,5,3],[46,0,1,2,2],[47,0,1,2,3,4,5,4],[48,0,2],[16,0,1,4,2,3,7,6],[16,0,5,1,2,6,3,7,8,7],[49,0,1,2,1],[50,0,1,2,2],[51,0,1,1],[53,0,1,2,1],[54,0,1,2,3,4,3],[55,0,1,2,4]],[[[{"name":"water_icon","rect":{"x":5,"y":5,"width":119,"height":119},"offset":{"x":0.5,"y":-0.5},"originalSize":{"width":128,"height":128},"rotated":false,"capInsets":[0,0,0,0],"vertices":{"rawPosition":[-59.5,-59.5,0,59.5,-59.5,0,-59.5,59.5,0,59.5,59.5,0],"indexes":[0,1,2,2,1,3],"uv":[5,123,124,123,5,4,124,4],"nuv":[0.0390625,0.03125,0.96875,0.03125,0.0390625,0.9609375,0.96875,0.9609375],"minPos":{"x":-59.5,"y":-59.5,"z":0},"maxPos":{"x":59.5,"y":59.5,"z":0}},"packable":true,"pixelsToUnit":100,"pivot":{"x":0.5,"y":0.5},"meshType":0}],[2],0,[0],[10],[16]],[[[17,"Zebra"],[29,"Zebra",[-3,-4],[[40,-2,[8,"dbdQOqy55dwoOwtMHe8ywW"],[4,5,6,7,8,9],10]],[0,"039JBGvFlf8Z44LUb1mPts",-1,0]],[33,"Body",[-5,-6,-7,-8,-9,-10,-11],[0,"bcLgyteNNV27PUD91CDWt7",1,0],[1,0.0000537765008630231,0.023020822554826736,-0.00017354160081595182]],[34,"root",[-12,2,-13,-14,-15],[0,"e0XluJCDhf+6IpwatEjaAr",1,0],[3,0.7071068407911908,0,0,0.7071067215818992],[1,90.00000965934633,0,0]],[35,"Armature",1,[3],[0,"a43NXxtVFSUp0gXk9cnTTh",1,0],[3,-0.7071068407911908,0,0,0.7071067215818992],[1,100,100,100],[1,-90.00000965934633,0,0]],[5,"FrontFoot.R",3,[[4,"FrontFoot.R_end",-16,[0,"00q6WQILVfkI0nk97R1yJg",1,0],[1,-1.1102229998097382e-18,0.009999999776482582,1.3877787497621727e-19]]],[0,"26G2zfLaJV6p3pXLCbD9N1",1,0],[1,-0.009117710404098034,0.0010000348556786776,0.01927023008465767],[3,0.7071068407909181,-6.209646236899395e-7,-6.209645668465197e-7,0.7071067215816265],[1,90.00000965934633,3.87667620832701e-12,-0.0001006316202376715]],[3,"FrontLeg.R",2,[-17],[0,"7cvvge8h1eqYhfwRKBMoC8",1,0],[1,-0.0032468067947775126,0.008379977196455002,0.01873094029724598],[3,0.0012952884202324106,-0.0012955682826612425,0.7071055647628505,0.7071056243674941],[1,89.99867052826072,-89.99869320512238,89.79006673189204]],[3,"FrontUpLeg.R",6,[-18],[0,"fbw0dG7i5bDq3yrI7AmVDF",1,0],[1,2.4487718519594637e-9,0.006025583017617464,6.021457221727644e-10],[3,0.706853564541443,-0.7022758682440338,-0.04508993749057004,0.07164873142101912],[1,95.04363367817759,-75.48471135759631,-87.81611699616465]],[5,"FrontLowLeg.R",7,[[4,"FrontLowLeg.R_end",-19,[0,"17I0YOYJZe77jsuPq4wnew",1,0],[1,0,0.015877680853009224,2.2204459996194763e-18]]],[0,"ebM9V+OUNaqYSZ37r2WCA8",1,0],[1,8.19563861220729e-10,0.014804559759795666,7.450580430390374e-11],[3,0.1331460446931698,-0.018813656233402656,0.0025279523720033188,0.9909146212356041],[1,15.305631002608129,-2.175391787385122,0.000002412554620199633]],[3,"BackLeg.R",2,[-20],[0,"d31ezPuQBdoqALY0VA4m/o",1,0],[1,-0.0032468067947775126,0.008379977196455002,-0.021785270422697067],[3,0.0007835572993493648,-0.000784275465464433,0.7071063466516025,0.7071063466516025],[1,89.99997090402447,-90.00002909596121,89.87296088624299]],[3,"BackUpLeg.R",9,[-21],[0,"ee4UCnrSJe2b3ljjbrDZqe",1,0],[1,2.6392144025777498e-9,0.004695829935371876,2.844441349125759e-9],[3,-0.6711558061437017,0.6744514661419378,-0.20213857166258833,0.2319592669948692],[1,-65.8136082604064,78.42660923213249,-87.56878091632545]],[5,"BackLowLeg.R",10,[[4,"BackLowLeg.R_end",-22,[0,"1cPuoQCARYGKaLorOvmfjm",1,0],[1,0,0.021711884066462517,-4.440891999238953e-18]]],[0,"72stSJfeJXNJnpFcQSFCil",1,0],[1,-1.303851610012785e-10,0.010874390602111816,1.3783574281944766e-9],[3,-0.357463601726651,0.018072592270244717,0.0069187652060998615,0.9337265582263721],[1,-41.8972320491341,2.2176787497755472,-0.000006772635116469312]],[3,"FrontLeg.L",2,[-23],[0,"e50kmZqcRSjrv2uBCCZcVQ",1,0],[1,0.002630481729283929,0.008379977196455002,0.01873094029724598],[3,0.7071054153926467,0.7071054749972929,0.0013744056093762014,-0.0013746855882320113],[1,-89.99874639371293,-90.00123091999457,89.77724521028026]],[3,"FrontUpLeg.L",12,[-24],[0,"casBIDR31RNZxQF1bLWvwl",1,0],[1,-1.756112921746933e-9,0.006025584880262613,8.378248095297636e-10],[3,-0.02159131891643826,-0.0950879461007112,0.7079610872193227,0.6994878100703624],[1,91.83742545141908,-101.31553480725925,84.00249672666698]],[5,"FrontLowLeg.L",13,[[4,"FrontLowLeg.L_end",-25,[0,"7aeXYDUt1S+KXrJowprNxH",1,0],[1,0,0.015877680853009224,0]]],[0,"ddZDVMdZRXKpCgvszKorZ4",1,0],[1,5.21540644005114e-10,0.01480456069111824,-2.2351742678949904e-9],[3,0.13298889845622416,0.0518218384837552,-0.006963174712129553,0.9897373207783426],[1,15.30574958155501,5.994446392534305,0.0000017569448676354595]],[3,"BackLeg.L",2,[-26],[0,"77NLfLH8Rd3aKmeeYlgDTK",1,0],[1,0.002630481729283929,0.008379977196455002,-0.021785270422697067],[3,0.7071064108167839,0.7071065300260734,0.0006625798408461719,-0.000663298006965872],[1,0,180.10749206804024,90]],[3,"BackUpLeg.L",15,[-27],[0,"7e6BEk3+xcALhXps3XrGs0",1,0],[1,-1.7321695189309594e-9,0.004695831332355738,-5.743572839556066e-10],[3,0.20885529998403182,0.2254200118205795,0.6690967641935,0.6766644678754589],[1,-47.56156043426251,83.33119945023036,88.52430684541918]],[5,"BackLowLeg.L",16,[[4,"BackLowLeg.L_end",-28,[0,"03SpKvjMFb9olohS05c34L",1,0],[1,1.1102229998097382e-18,0.021711884066462517,0]]],[0,"90gs4K5rJe1r7sikxkoc+t",1,0],[1,1.3876706450588472e-9,0.010874389670789242,-2.9802322831784522e-9],[3,-0.3575146799690923,-0.008874606354457956,-0.003397634490841542,0.9338591708863375],[1,-41.897265414717886,-1.0889531390263516,-0.000012614001200186714]],[3,"Back",2,[-29],[0,"11H5cWjxhWw5fTzgwXOMxf",1,0],[1,-0.0003228271089028567,0.014074056409299374,-0.02402278035879135],[3,0.600521340713622,-0.03759600686347977,0.041032479214218334,0.797669728186403],[1,74.01189985905324,-6.273967195598808,1.1635466469197921]],[50,"Tail1",18,[-30],[0,"b1UV7XyElbs7MhIYNWkFVw",1,0],[1,0.00011168546916451305,0.0004445876111276448,-0.011115172877907753],[3,0.9926701262968977,2.6012603822892967e-8,2.4599262545988356e-7,-0.12085536958546711],[1,0.9999999403953552,1,1.0000046491622925],[1,-166.11705810797116,-0.000028342307693480152,-4.4777739656929585e-7]],[3,"Tail2",19,[-31],[0,"39GWKMQNJQJrBNwEAUfE8a",1,0],[1,2.2351741291171123e-10,0.008375221863389015,2.7951319037100575e-9],[3,-0.6165577197016351,9.049319550859618e-8,-7.07902219576156e-8,0.7873097092480869],[1,-76.13038874521422,0.000003162717130410351,-0.000012780179695139314]],[3,"Tail3",20,[-32],[0,"60zaADwUxW+riJAAxxPzQ5",1,0],[1,7.450580430390374e-11,0.008778817020356655,2.7101487720671003e-9],[3,-8.469585136089024e-9,0.9891947031850706,-0.14660777329493307,3.1860077274446467e-7],[1,16.860785764413208,179.99996402782003,-0.0000063125531820381505]],[5,"Tail4",21,[[4,"Tail4_end",-33,[0,"840iCwDEBf/7pY+rBYfctR",1,0],[1,2.7755574995243454e-19,0.01026824489235878,8.881783998477905e-18]]],[0,"c1ZDfAPalWS4xOAIvKOQq7",1,0],[1,3.7252903539730653e-10,0.006993296090513468,-1.0337680711458574e-9],[3,0.0390400249736085,3.436872089418752e-8,1.558242765283034e-8,0.9992376476344648],[1,4.474794507341863,0.000003865652445262186,0.0000019380072905949817]],[3,"Shoulders",2,[-34],[0,"e2ufLKktpWS4RregBsd5Nt",1,0],[1,-0.0007365465280599892,0.01807716116309166,0.01851993054151535],[3,0.008421451052746927,0.9597338069228858,0.2794420189265245,-0.02742730518551501],[1,-32.46892103661168,-176.71214203094826,0.04790039382298016]],[3,"Neck",23,[-35],[0,"8dc9HrWK5ccYXlIRQ5DFtN",1,0],[1,5.122274132629556e-11,0.013137188740074635,2.712476909749739e-10],[3,-0.0886846790567607,-0.022488868112285784,-0.017817650187023866,0.9956464281327185],[1,-10.223395129333626,-2.7493052912714067,-1.804618282098218]],[5,"Head",24,[[4,"Head_end",-36,[0,"32Fx0Bzz9Rj6qRK90xRrEa",1,0],[1,0,0.01775381900370121,1.776356799695581e-17]]],[0,"27g6JlW05VYJwy9fRAjp8z",1,0],[1,-2.39742808938459e-11,0.013573313131928444,3.3753928541102596e-9],[3,-0.6245374799606817,-0.19781437896428433,0.16660769604005599,0.7369289539837338],[1,-79.11122360848766,-5.502426603138088,29.51431895269537]],[3,"Hips",2,[-37],[0,"99pbKh6NpVja7rVyg0m0OU",1,0],[1,-0.0003228271089028567,0.016898196190595627,-0.014742005616426468],[3,0.000003487624764492713,0.6944211092559098,0.719568845209615,0.0000033658895813566903],[1,-92.03778993215424,-179.99998026259544,0.0005550665619484873]],[5,"Torso",26,[[4,"Torso_end",-38,[0,"b2Qye8OedX7YlFRWtTpkFW",1,0],[1,-6.938893748810864e-20,0.015270233154296875,0]]],[0,"d9UpW1h/xQRqg/GNOeN6xV",1,0],[1,2.1590436036222904e-11,0.014671733602881432,5.460347729524528e-10],[3,0.05375247793241081,0.0007617085899636836,-0.013526975106839246,0.9984623737831129],[1,6.165413201806021,0.1705337539528226,-1.5431884931505082]],[5,"BackFoot.R",3,[[4,"BackFoot.R_end",-39,[0,"46b6Gy3bFZIoQCziI47pmN",1,0],[1,0,0.006745369639247656,1.3877787497621727e-19]]],[0,"c8Mk7eSqhZMYRuukz9UwVY",1,0],[1,-0.008358624763786793,0.0010000348556786776,-0.026047201827168465],[3,0.7071068407909181,-6.209646236899395e-7,-6.209645668465197e-7,0.7071067215816265],[1,90.00000965934633,3.87667620832701e-12,-0.0001006316202376715]],[5,"FrontFoot.L",3,[[4,"FrontFoot.L_end",-40,[0,"eavUya1TxR3ICTc3/asXqx",1,0],[1,0,0.009999999776482582,1.3877787497621727e-19]]],[0,"07fN7vxPxXZYV+wAVDRws/",1,0],[1,0.008608940057456493,0.0010000348556786776,0.01927023008465767],[3,0.7071068407905415,-9.581394970415802e-7,-9.581393833547404e-7,0.70710672158125],[1,90.0000096593463,3.876676966638594e-12,-0.00015527314280957484]],[5,"BackFoot.L",3,[[4,"BackFoot.L_end",-41,[0,"33dt0ZamNRZJVf3cGHIpS/",1,0],[1,0,0.006745369639247656,2.7755574995243454e-19]]],[0,"d50PXwDJtRPKN7NDmUhqx+",1,0],[1,0.007849856279790401,0.0010000348556786776,-0.026047201827168465],[3,0.7071068407905415,-9.581394970415802e-7,-9.581393833547404e-7,0.70710672158125],[1,90.0000096593463,3.876676966638594e-12,-0.00015527314280957484]],[36,"Zebra",1,[[41,-42,[8,"98zNhp6XVRVqmvEikJRbcj"],[0,1],[14],1,2,3]],[0,"fae0lS5htShrNhw9tQV132",1,0],[3,-0.7071068407911908,0,0,0.7071067215818992],[1,100,100,100],[1,-90.00000965934633,0,0]]],0,[0,2,1,0,0,1,0,-1,4,0,-2,31,0,-1,6,0,-2,9,0,-3,12,0,-4,15,0,-5,18,0,-6,23,0,-7,26,0,-1,5,0,-3,28,0,-4,29,0,-5,30,0,1,5,0,-1,7,0,-1,8,0,1,8,0,-1,10,0,-1,11,0,1,11,0,-1,13,0,-1,14,0,1,14,0,-1,16,0,-1,17,0,1,17,0,-1,19,0,-1,20,0,-1,21,0,-1,22,0,1,22,0,-1,24,0,-1,25,0,1,25,0,-1,27,0,1,27,0,1,28,0,1,29,0,1,30,0,0,31,0,5,1,2,1,3,3,1,4,42],[0,0,0,0,0,0,0,0,0,0,0],[-1,-2,6,11,-1,-2,-3,-4,-5,-6,12],[17,18,19,20,9,21,22,23,24,25,9]],[[[15,".bin",1440442756,[{"primitives":[{"primitiveMode":7,"vertexBundelIndices":[0],"indexView":{"offset":22752,"length":1896,"count":474,"stride":4}}],"vertexBundles":[{"view":{"offset":0,"length":22752,"count":474,"stride":48},"attributes":[{"name":"a_position","format":32,"isNormalized":false},{"name":"a_normal","format":32,"isNormalized":false},{"name":"a_texCoord","format":21,"isNormalized":false},{"name":"a_tangent","format":44,"isNormalized":false}]}]},"minPosition",8,[1,-0.6307587623596191,-0.008967475965619087,-0.7826605439186096],"maxPosition",8,[1,0.6515856385231018,0.6590640544891357,0.5341161489486694]]],-1],0,0,[],[],[]],[[[42,"Skin-0",1727875492,["Armature/root","Armature/root/FrontFoot.R","Armature/root/Body","Armature/root/Body/FrontLeg.R","Armature/root/Body/FrontLeg.R/FrontUpLeg.R","Armature/root/Body/FrontLeg.R/FrontUpLeg.R/FrontLowLeg.R","Armature/root/Body/BackLeg.R","Armature/root/Body/BackLeg.R/BackUpLeg.R","Armature/root/Body/BackLeg.R/BackUpLeg.R/BackLowLeg.R","Armature/root/Body/FrontLeg.L","Armature/root/Body/FrontLeg.L/FrontUpLeg.L","Armature/root/Body/FrontLeg.L/FrontUpLeg.L/FrontLowLeg.L","Armature/root/Body/BackLeg.L","Armature/root/Body/BackLeg.L/BackUpLeg.L","Armature/root/Body/BackLeg.L/BackUpLeg.L/BackLowLeg.L","Armature/root/Body/Back","Armature/root/Body/Back/Tail1","Armature/root/Body/Back/Tail1/Tail2","Armature/root/Body/Back/Tail1/Tail2/Tail3","Armature/root/Body/Back/Tail1/Tail2/Tail3/Tail4","Armature/root/Body/Shoulders","Armature/root/Body/Shoulders/Neck","Armature/root/Body/Shoulders/Neck/Head","Armature/root/Body/Hips","Armature/root/Body/Hips/Torso","Armature/root/BackFoot.R","Armature/root/FrontFoot.L","Armature/root/BackFoot.L"],[[[7,1,0,0,0,0,6.123234262925839e-17,-1,0,0,1,6.123234262925839e-17,0,0,0,0,1],[7,1,1.075455965353978e-22,-0.0000017563529581821058,0,-1.075455965353978e-22,-1,-1.2246468525851679e-16,0,-0.0000017563529581821058,1.2246468525851679e-16,-1,0,0.009117711335420609,-0.01927023008465767,0.0010000186739489436,1],[7,1,0,0,0,0,6.123234262925839e-17,-1,0,0,1,6.123234262925839e-17,0,-0.0000537765008630231,-0.023020826280117035,0.00017354160081595182,1],[7,-7.943073146920651e-14,-1,-3.956771479352028e-7,0,1.9470718370939721e-7,3.956771479352028e-7,-1,0,1,-1.5647192200783644e-13,1.9470718370939721e-7,0,-0.03140079602599144,-0.0031930229160934687,-0.018557406961917877,1],[7,0.9992793202400208,7.817317992930839e-8,0.03795882686972618,0,-0.03744172304868698,-0.16449666023254395,0.985666811466217,0,0.006244175601750612,-0.9863777756690979,-0.1643780767917633,0,0.008321077562868595,0.027920423075556755,0.023802941665053368,1],[7,0.9999998807907104,8.070195889331444e-8,1.987690723126434e-7,0,-2.0585146387475106e-7,0.10014060884714127,0.994973361492157,0,6.039142164127043e-8,-0.9949736595153809,0.10014057904481888,0,0.009218607097864151,0.01881570555269718,0.019205018877983093,1],[7,1.1920848663748984e-7,-1.0000001192092896,-0.0000010154482197322068,0,1.9470715528768778e-7,0.0000010154482197322068,-1,0,1.0000001192092896,1.1920828768552383e-7,1.947072689745255e-7,0,-0.031400807201862335,-0.0031930566765367985,0.02195880562067032,1],[7,0.9992508888244629,3.1871863370724896e-8,-0.03869609907269478,0,0.03139324113726616,0.584661602973938,0.8106695413589478,0,0.022624149918556213,-0.8112770915031433,0.584223747253418,0,0.006483175326138735,0.012636274099349976,-0.036451708525419235,1],[7,1,9.931482480851628e-8,1.284574153714857e-7,0,-1.1668206667536651e-7,-0.11062692850828171,0.9938617944717407,0,1.1291607648900026e-7,-0.9938619136810303,-0.11062690615653992,0,0.007888861000537872,0.025572653859853745,-0.02564503811299801,1],[7,-6.477578754415445e-14,1,-3.956770342483651e-7,0,-2.3215589806113712e-7,3.956770342483651e-7,1,0,1,1.566345387811821e-13,2.3215589806113712e-7,0,-0.03140080347657204,-0.002684251172468066,0.018557392060756683,1],[7,0.9945321083068848,4.430908617791829e-8,-0.10443182289600372,0,0.10300923138856888,-0.16449664533138275,0.9809842109680176,0,-0.017178641632199287,-0.9863777160644531,-0.16359718143939972,0,-0.006211212836205959,0.027920419350266457,0.0242511797696352,1],[7,1,7.040221561283033e-8,2.3092101741895021e-7,0,-2.368103366734431e-7,0.10014048963785172,0.994973361492157,0,4.6923773311391415e-8,-0.9949734210968018,0.10014048218727112,0,-0.00870984885841608,0.01881568878889084,0.019205018877983093,1],[7,-9.405196890396872e-13,1,-0.0000010154477649848559,0,-8.922222605178831e-8,0.0000010154477649848559,1,0,1,1.0311201762217004e-12,8.922222605178831e-8,0,-0.03140079602599144,-0.0026842805091291666,-0.021958813071250916,1],[7,0.9998193979263306,-2.6094554073097243e-8,0.01900486648082733,0,-0.01541819702833891,0.5846618413925171,0.8111305236816406,0,-0.011111441068351269,-0.8112771511077881,0.5845562219619751,0,-0.006691282149404287,0.012636265717446804,-0.036307260394096375,1],[7,1,3.1782598775009774e-9,2.6798463181876286e-7,0,-2.6598817726153356e-7,-0.11062703281641006,0.9938620328903198,0,3.280509730529957e-8,-0.9938620924949646,-0.11062702536582947,0,-0.0073800827376544476,0.025572657585144043,-0.025645041838288307,1],[7,1,1.3010425425610684e-22,4.76837158203125e-7,0,1.3881683003091894e-7,-0.9566864967346191,-0.2911199927330017,0,4.56183670394239e-7,0.2911199927330017,-0.9566864967346191,0,0.00026903030811809003,0.012349234893918037,0.04253220558166504,1],[7,1,1.2409302752036666e-10,4.582857964646747e-12,0,-1.2416137562532015e-10,0.9985907673835754,0.053069405257701874,0,2.009153694110255e-12,-0.05306966230273247,0.9985859990119934,0,0.00015737058129161596,-0.024428974837064743,-0.04922361299395561,1],[7,1,-2.3420737571555605e-10,2.3842022756070946e-7,0,-2.3413187477672182e-7,0.18785133957862854,0.9821969270706177,0,-4.501780992427484e-8,-0.9821930527687073,0.18785202503204346,0,0.00015738098591100425,0.039924945682287216,-0.04364730417728424,1],[7,-1,7.035073912309286e-11,3.8943693425608217e-7,0,-3.8728725826331356e-7,-0.10510523617267609,-0.9944610595703125,0,4.0862090600057854e-8,-0.9944562911987305,0.10510572791099548,0,-0.00015735780471004546,0.042466901242733,0.03273717686533928,1],[7,-1,5.799694946517775e-8,3.1960988167156756e-7,0,-3.2482691381119366e-7,-0.18237243592739105,-0.9832294583320618,0,1.263730675660213e-9,-0.983224630355835,0.18237334489822388,0,-0.00015735880879219621,0.03791962191462517,0.029869725927710533,1],[7,-0.9983536601066589,0.03149224445223808,-0.04793712869286537,0,-0.05735006928443909,-0.5359179973602295,0.8423197865486145,0,0.0008361703949049115,0.8436827659606934,0.536841630935669,0,-0.0017681776080280542,-0.044484321027994156,-0.00664231413975358,1],[7,-1.0000001192092896,1.0994877008840831e-8,0.000005181227152206702,0,0.000003803521849476965,-0.6774875521659851,0.7355341911315918,0,0.0000035183045383746503,0.7355343699455261,0.6774874925613403,0,-0.0002691377012524754,-0.055580634623765945,-0.016679488122463226,1],[7,-0.8662223815917969,-0.0015339370584115386,0.4996565282344818,0,-0.27237826585769653,-0.8368988037109375,-0.4747740626335144,0,0.41889023780822754,-0.5473552942276001,0.7245228886604309,0,-0.035693008452653885,0.005083934403955936,-0.06132461130619049,1],[7,-1,2.092813905030591e-13,0.000009687739293440245,0,-3.4448314067958563e-7,-0.9993674159049988,-0.03555864840745926,0,0.000009681612027634401,-0.03555864840745926,0.9993675351142883,0,-0.00026943194097839296,0.016325578093528748,-0.03936338797211647,1],[7,-0.9996330142021179,-0.02709319442510605,-0.00005722550122300163,0,0.02701888047158718,-0.9970430135726929,0.07193925976753235,0,-0.0020061202812939882,0.0719112902879715,0.9974091053009033,0,-0.00019675440853461623,-0.0025880569592118263,-0.039313461631536484,1],[7,1,1.075455965353978e-22,-0.0000017563529581821058,0,-1.075455965353978e-22,-1,-1.2246468525851679e-16,0,-0.0000017563529581821058,1.2246468525851679e-16,-1,0,0.008358626626431942,0.026047201827168465,0.0010000200709328055,1],[7,1,1.6594129641253459e-22,-0.0000027100270472146804,0,-1.6594129641253459e-22,-1,-1.2246468525851679e-16,0,-0.0000027100270472146804,1.2246468525851679e-16,-1,0,-0.00860893726348877,-0.01927023008465767,0.001000058138743043,1],[7,1,1.6594129641253459e-22,-0.0000027100270472146804,0,-1.6594129641253459e-22,-1,-1.2246468525851679e-16,0,-0.0000027100270472146804,1.2246468525851679e-16,-1,0,-0.007849853485822678,0.026047201827168465,0.00100005604326725,1]],8,8,8,8,8,8,8,8,8,8,8,8,8,8,8,8,8,8,8,8,8,8,8,8,8,8,8,8]]],0,0,[],[],[]],[[[15,".bin",3057132391,[{"primitives":[{"primitiveMode":7,"jointMapIndex":0,"vertexBundelIndices":[0],"indexView":{"offset":76416,"length":6984,"count":1746,"stride":4}},{"primitiveMode":7,"jointMapIndex":0,"vertexBundelIndices":[1],"indexView":{"offset":184648,"length":9264,"count":2316,"stride":4}}],"vertexBundles":[{"view":{"offset":0,"length":76416,"count":1194,"stride":64},"attributes":[{"name":"a_position","format":32,"isNormalized":false},{"name":"a_normal","format":32,"isNormalized":false},{"name":"a_joints","format":42,"isNormalized":false},{"name":"a_weights","format":44,"isNormalized":false},{"name":"a_color","format":44,"isNormalized":false}]},{"view":{"offset":83400,"length":101248,"count":1582,"stride":64},"attributes":[{"name":"a_position","format":32,"isNormalized":false},{"name":"a_normal","format":32,"isNormalized":false},{"name":"a_joints","format":42,"isNormalized":false},{"name":"a_weights","format":44,"isNormalized":false},{"name":"a_color","format":44,"isNormalized":false}]}],"jointMaps":[[0,1,2,3,4,5,6,7,8,9,10,11,12,13,14,15,16,17,19,20,21,22,23,24,25,26,27]]},"minPosition",8,[1,-0.012848868034780025,-0.050709761679172516,-0.00044154166243970394],"maxPosition",8,[1,0.012848868034780025,0.04164161533117294,0.07027643173933029]]],-1],0,0,[],[],[]],[[[27,[{"rasterizerState":{},"depthStencilState":{},"blendState":{"targets":[{}]}},{"rasterizerState":{},"depthStencilState":{},"blendState":{"targets":[{}]}},{"rasterizerState":{},"depthStencilState":{},"blendState":{"targets":[{}]}}],[{"USE_INSTANCING":true,"DCC_APP_NAME":2,"HAS_EXPORTED_METALLIC":true},{},{}],[[[{"emissiveScale":0,"shininessExponent":9.607843137254903,"specularFactor":0.25,"transparencyFactor":0},"mainColor",8,[4,4281348144],"emissive",8,[4,4281348144]],{},{}],11,0,0]]],0,0,[0],[8],[2]],[[[27,[{"rasterizerState":{},"depthStencilState":{},"blendState":{"targets":[{}]}},{"rasterizerState":{},"depthStencilState":{},"blendState":{"targets":[{}]}},{"rasterizerState":{},"depthStencilState":{},"blendState":{"targets":[{}]}}],[{"USE_INSTANCING":true,"DCC_APP_NAME":2,"HAS_EXPORTED_METALLIC":true},{},{}],[[[{"emissiveScale":0,"shininessExponent":9.607843137254903,"specularFactor":0.25,"transparencyFactor":0},"mainColor",8,[4,4293388263],"emissive",8,[4,4293388263]],{},{}],11,0,0]]],0,0,[0],[8],[2]],[[{"name":"btn_cancel","rect":{"x":0,"y":0,"width":54,"height":54},"offset":{"x":0,"y":0},"originalSize":{"width":54,"height":54},"rotated":false,"capInsets":[0,0,0,0],"vertices":{"rawPosition":[-27,-27,0,27,-27,0,-27,27,0,27,27,0],"indexes":[0,1,2,2,1,3],"uv":[0,54,54,54,0,0,54,0],"nuv":[0,0,1,0,0,1,1,1],"minPos":{"x":-27,"y":-27,"z":0},"maxPos":{"x":27,"y":27,"z":0}},"packable":true,"pixelsToUnit":100,"pivot":{"x":0.5,"y":0.5},"meshType":0}],[2],0,[0],[10],[26]],[[[24,"block_mtl",[{"rasterizerState":{},"depthStencilState":{},"blendState":{"targets":[{}]}},{"rasterizerState":{},"depthStencilState":{},"blendState":{"targets":[{}]}},{"rasterizerState":{},"depthStencilState":{},"blendState":{"targets":[{}]}}],[{"USE_INSTANCING":true},{},{}],[[[{"occlusion":1,"roughness":1,"metallic":0},"mainColor",8,[4,4278215364]],{},{}],11,0,0]]],0,0,[0],[8],[7]],[[[15,".bin",3219909449,[{"primitives":[{"primitiveMode":7,"vertexBundelIndices":[0],"indexView":{"offset":6776,"length":2400,"count":600,"stride":4}}],"vertexBundles":[{"view":{"offset":0,"length":6776,"count":121,"stride":56},"attributes":[{"name":"a_position","format":32,"isNormalized":false},{"name":"a_normal","format":32,"isNormalized":false},{"name":"a_texCoord","format":21,"isNormalized":false},{"name":"a_tangent","format":44,"isNormalized":false},{"name":"a_texCoord1","format":21,"isNormalized":false}]}]},"minPosition",8,[1,-5,0,-5],"maxPosition",8,[1,5,0,5]]],-1],0,0,[],[],[]],[[[27,[{"rasterizerState":{},"depthStencilState":{},"blendState":{"targets":[{}]}},{"rasterizerState":{},"depthStencilState":{},"blendState":{"targets":[{}]}},{"rasterizerState":{},"depthStencilState":{},"blendState":{"targets":[{}]}}],[{"DCC_APP_NAME":1,"USE_ALBEDO_MAP":true},{},{}],[[[{"emissiveScale":0,"shininessExponent":1.0717734098434448,"specularFactor":0},"mainColor",8,[4,4293914607],"specularColor",8,[4,4278190080],"mainTexture",6,0],{},{}],11,0,0]]],0,0,[0,0],[14,8],[10,2]],[[[15,".bin",3103554793,[{"primitives":[{"primitiveMode":7,"vertexBundelIndices":[0],"indexView":{"offset":212632,"length":17364,"count":4341,"stride":4}}],"vertexBundles":[{"view":{"offset":0,"length":212632,"count":3797,"stride":56},"attributes":[{"name":"a_position","format":32,"isNormalized":false},{"name":"a_normal","format":32,"isNormalized":false},{"name":"a_texCoord","format":21,"isNormalized":false},{"name":"a_tangent","format":44,"isNormalized":false},{"name":"a_texCoord1","format":21,"isNormalized":false}]}]},"minPosition",8,[1,-6.501608371734619,-0.007862635888159275,-14.762481689453125],"maxPosition",8,[1,20.59972381591797,18.1842098236084,2.870004177093506]]],-1],0,0,[],[],[]],[[[15,".bin",321897862,[{"primitives":[{"primitiveMode":7,"vertexBundelIndices":[0],"indexView":{"offset":2304,"length":252,"count":126,"stride":2}}],"vertexBundles":[{"view":{"offset":0,"length":2304,"count":48,"stride":48},"attributes":[{"name":"a_position","format":32,"isNormalized":false},{"name":"a_normal","format":32,"isNormalized":false},{"name":"a_texCoord","format":21,"isNormalized":false},{"name":"a_tangent","format":44,"isNormalized":false}]}]},"minPosition",8,[1,-0.18022269010543823,-0.01484794169664383,-0.15672263503074646],"maxPosition",8,[1,0.18022271990776062,0.01719527691602707,0.15672263503074646]]],-1],0,0,[],[],[]],[[[27,[{"rasterizerState":{},"depthStencilState":{},"blendState":{"targets":[{}]}},{"rasterizerState":{},"depthStencilState":{},"blendState":{"targets":[{}]}},{"rasterizerState":{},"depthStencilState":{},"blendState":{"targets":[{}]}}],[{"USE_INSTANCING":true},{},{}],[[[{"roughness":0.5,"metallic":0},"albedoScale",8,[1,0.5778115391731262,0.23347531259059906,0.11534765362739563]],{},{}],11,0,0]]],0,0,[0],[8],[7]],[[[32],[37,"farm_plot_slot",[-2],[0,"047WPd4YhflLipehZ6gK4y",-1,0]],[57,"farm_plot_slot",1,[[21,-3,[8,"b8jH+yTS1ZlK/kjb3wvwLp"],[0],[14],1]],[0,"4bxf/9yPpVMZGAn0aI9L/H",1,0],[1,-0.4311656355857849,0.03844444081187248,-0.37951305508613586],[1,1,1,1.0905308723449707]]],0,[0,2,1,0,-1,2,0,0,2,0,5,1,3],[0,0],[-1,6],[11,27]],[[{"name":"default_progressbar","rect":{"x":0,"y":0,"width":30,"height":15},"offset":{"x":0,"y":0},"originalSize":{"width":30,"height":15},"rotated":false,"capInsets":[10,4,10,4],"vertices":{"rawPosition":[-15,-7.5,0,15,-7.5,0,-15,7.5,0,15,7.5,0],"indexes":[0,1,2,2,1,3],"uv":[0,15,30,15,0,0,30,0],"nuv":[0,0,1,0,0,1,1,1],"minPos":{"x":-15,"y":-7.5,"z":0},"maxPos":{"x":15,"y":7.5,"z":0}},"packable":true,"pixelsToUnit":100,"pivot":{"x":0.5,"y":0.5},"meshType":0}],[2],0,[0],[10],[28]],[[[15,".bin",2723892759,[{"primitives":[{"primitiveMode":7,"vertexBundelIndices":[0],"indexView":{"offset":44744,"length":5076,"count":1269,"stride":4}}],"vertexBundles":[{"view":{"offset":0,"length":44744,"count":799,"stride":56},"attributes":[{"name":"a_position","format":32,"isNormalized":false},{"name":"a_normal","format":32,"isNormalized":false},{"name":"a_texCoord","format":21,"isNormalized":false},{"name":"a_tangent","format":44,"isNormalized":false},{"name":"a_texCoord1","format":21,"isNormalized":false}]}]},"minPosition",8,[1,-6.926687240600586,-8.290106773376465,-8.290106773376465],"maxPosition",8,[1,9.071044921875,8.290106773376465,8.290106773376465]]],-1],0,0,[],[],[]],[[[15,".bin",1955488527,[{"primitives":[{"primitiveMode":7,"vertexBundelIndices":[0],"indexView":{"offset":224336,"length":18228,"count":4557,"stride":4}}],"vertexBundles":[{"view":{"offset":0,"length":224336,"count":4006,"stride":56},"attributes":[{"name":"a_position","format":32,"isNormalized":false},{"name":"a_normal","format":32,"isNormalized":false},{"name":"a_texCoord","format":21,"isNormalized":false},{"name":"a_tangent","format":44,"isNormalized":false},{"name":"a_texCoord1","format":21,"isNormalized":false}]}]},"minPosition",8,[1,-12.112174987792969,-0.007862542755901814,-7.520937919616699],"maxPosition",8,[1,9.892732620239258,18.10137939453125,18.683460235595703]]],-1],0,0,[],[],[]],[[[32],[37,"WaterWheel",[-2],[0,"27mzaN23VR478JJDBj4b/o",-1,0]],[3,"WaterWheel",1,[-3,-4],[0,"c9E10DwfZfGr9iiyNV2Q3b",1,0],[1,-11.939798355102539,0.043095625936985016,-35.962677001953125],[3,0.7071068109888685,0,0,0.7071067513842252],[1,90.00000482967297,0,0]],[38,"House",2,[[21,-5,[8,"c2dMW41uRXa4Je62YT7TtT"],[0],[14],1]],[0,"2dFZSF3XFTtaZs0eguzDvn",1,0],[1,-2.280874729156494,-0.4368973672389984,-0.0030959350988268852],[3,-0.5000000074505778,0.5000000670552235,-0.5000000074505778,0.4999999180436093],[1,0.3937009871006012,0.3937009871006012,0.3937009871006012],[1,0,90.00001024528467,-90]],[38,"Wheel",2,[[21,-6,[8,"78y6shdSFbrqfdRih7IyLX"],[2],[14],3]],[0,"f52A77uAhafL+n37f8pJ9h",1,0],[1,2.5148324966430664,-0.4368911683559418,-2.689953565597534],[3,-2.2197246021453134e-7,0.7071068407911687,-0.707106721581877,-1.1520233497803665e-7],[1,0.3937009871006012,0.3937009871006012,0.3937009871006012],[1,89.99999034065574,-179.99997267924348,-0.000008651422027537246]]],0,[0,2,1,0,-1,2,0,-1,3,0,-2,4,0,0,3,0,0,4,0,5,1,6],[0,0,0,0],[-1,6,-1,6],[12,29,12,30]],[[[24,"Village_Autumn",[{"rasterizerState":{},"blendState":{"targets":[{}]},"depthStencilState":{}}],[{"USE_ALBEDO_MAP":true,"DCC_APP_NAME":1}],[[[{"albedoScale":1,"specularFactor":0,"shininessExponent":1.0717734098434448,"emissiveScale":0},"mainColor",8,[4,4293914607],"specularColor",8,[4,4278190080],"emissive",8,[4,4278190080],"mainTexture",6,0]],11]]],0,0,[0,0],[14,8],[31,2]],[[[17,"HouseA"],[58,"HouseA",[-2],[0,"206WFyActfFYab8VYGP3ll",-1,0],[1,49.28,0.608,-18.741],[3,0,-0.9999961977677757,0,0.002757616723112648],[1,0,-179.684,0]],[30,"House01",1,[[21,-3,[8,"049j7gnZVdm5F/bgr6/701"],[0],[14],1]],[0,"53DFtdNilehYcEyqcOV2cC",1,0]]],0,[0,2,1,0,-1,2,0,0,2,0,5,1,3],[0,0],[-1,6],[32,33]],[[[42,"Skin-0",838716580,["Armature/root","Armature/root/FrontFoot.R","Armature/root/Body","Armature/root/Body/FrontLeg.R","Armature/root/Body/FrontLeg.R/FrontUpLeg.R","Armature/root/Body/FrontLeg.R/FrontUpLeg.R/FrontLowLeg.R","Armature/root/Body/BackLeg.R","Armature/root/Body/BackLeg.R/BackUpLeg.R","Armature/root/Body/BackLeg.R/BackUpLeg.R/BackLowLeg.R","Armature/root/Body/FrontLeg.L","Armature/root/Body/FrontLeg.L/FrontUpLeg.L","Armature/root/Body/FrontLeg.L/FrontUpLeg.L/FrontLowLeg.L","Armature/root/Body/BackLeg.L","Armature/root/Body/BackLeg.L/BackUpLeg.L","Armature/root/Body/BackLeg.L/BackUpLeg.L/BackLowLeg.L","Armature/root/Body/Back","Armature/root/Body/Shoulders","Armature/root/Body/Shoulders/Neck","Armature/root/Body/Shoulders/Neck/Head","Armature/root/Body/Hips","Armature/root/Body/Hips/Torso","Armature/root/BackFoot.R","Armature/root/FrontFoot.L","Armature/root/BackFoot.L"],[[[7,0.6545860767364502,1.4534733326815091e-16,-1.4534733326815091e-16,0,1.4534733326815091e-16,-0.6545860767364502,2.8612868518962387e-8,0,-1.4534733326815091e-16,-2.8612868518962387e-8,-0.6545860767364502,0,0,0,0,1],[7,0.6545860767364502,-1.453472538588121e-16,-0.0000013057496062174323,0,0.0000013057496062174323,2.8612868518962387e-8,0.6545860767364502,0,5.693078522711961e-14,-0.6545860767364502,2.8612868518962387e-8,0,0.009117711335420609,-0.011625418439507484,0.0010000165784731507,1],[7,0.6545860767364502,1.4534733326815091e-16,-1.4534733326815091e-16,0,1.4534733326815091e-16,-0.6545860767364502,2.8612868518962387e-8,0,-1.4534733326815091e-16,-2.8612868518962387e-8,-0.6545860767364502,0,-0.0000537765008630231,-0.023020826280117035,0.00017354160081595182,1],[7,-5.184890263985019e-14,-0.6545860767364502,-2.590047643025173e-7,0,-0.6545860767364502,9.09575352862034e-14,-9.883975593538707e-8,0,9.883975593538707e-8,2.590047643025173e-7,-0.6545860767364502,0,-0.023755986243486404,-0.003193025942891836,-0.010912593454122543,1],[7,0.6541142463684082,-3.841500628709582e-8,0.024847334250807762,0,-0.0049081165343523026,0.6416882276535034,0.12920880317687988,0,-0.024357758462429047,-0.12930196523666382,0.6412259340286255,0,0.008627776987850666,0.02113231085240841,0.015728982165455818,1],[7,0.6545859575271606,-6.379059414030053e-8,1.869221364358964e-7,0,9.064345363185566e-8,0.6474373936653137,-0.09647613763809204,0,-1.7547901620673656e-7,0.09647613763809204,0.6474373936653137,0,0.009218609891831875,0.01351012010127306,0.011482090689241886,1],[7,7.803221535596094e-8,-0.654586136341095,-6.646983479186019e-7,0,-0.654586136341095,-7.803210877455058e-8,-9.883981277880594e-8,0,9.883974172453236e-8,6.646984047620208e-7,-0.6545860767364502,0,-0.023755991831421852,-0.0031930459663271904,0.012262948788702488,1],[7,0.6540958285331726,-3.386928071336115e-8,-0.025329867377877235,0,-0.014809380285441875,0.5310505628585815,-0.38242489099502563,0,0.020549559965729713,0.3827114403247833,0.5306529402732849,0,0.0069605209864676,0.012103005312383175,-0.024125296622514725,1],[7,0.6545860767364502,8.0905614652238e-8,3.775164714170387e-8,0,-8.614277646756818e-8,0.6450719833374023,0.11119811981916428,0,-2.3459071130105258e-8,-0.11119812726974487,0.6450719237327576,0,0.007888859137892723,0.017880013212561607,-0.01581326127052307,1],[7,-4.225598007352033e-14,0.6545860767364502,-2.5900470745909843e-7,0,-0.6545860767364502,-1.1370690901433417e-1